
1 4 -9 8 1 3 3 1 -1 -4 -6 2 8 19 -10 -11 
8 1 3 3 1 -1 -4 -6 2 8 19 
34

2 9 8 6 5 -11 9 -11 7 5 -1 -8 -3 7 -2 
2 9 8 6 5 
30

10 -11 -1 -9 33 -45 23 24 -1 -7 -8 19 
23 24 -1 -7 -8 19 19 
69

31 -41 59 26 -53 58 97 -93 -23 84 
59 26 -53 58 97 -93 -23 84 84 
239

3 2 1 1 -8 1 1 2 3 
1 1 2 3 3 
10

12 99 99 -99 -27 0 0 0 -3 10 
12 99 99 
210

-2 1 -3 4 -1 2 1 -5 4 
4 -1 2 1 -5 4 4 
9

1 4 -9 8 1 3 3 1 -1 -4 -6 2 8 19 -10 -11 
8 1 3 3 1 -1 -4 -6 2 8 19 
34

2 9 8 6 5 -11 9 -11 7 5 -1 -8 -3 7 -2 
2 9 8 6 5 
30

10 -11 -1 -9 33 -45 23 24 -1 -7 -8 19 
23 24 -1 -7 -8 19 19 
69

31 -41 59 26 -53 58 97 -93 -23 84 
59 26 -53 58 97 -93 -23 84 84 
239

3 2 1 1 -8 1 1 2 3 
1 1 2 3 3 
10

12 99 99 -99 -27 0 0 0 -3 10 
12 99 99 
210

-2 1 -3 4 -1 2 1 -5 4 
4 -1 2 1 -5 4 4 
9

1 4 -9 8 1 3 3 1 -1 -4 -6 2 8 19 -10 -11 
34 3 13 
50

2 9 8 6 5 -11 9 -11 7 5 -1 -8 -3 7 -2 
80 16 0 
96

10 -11 -1 -9 33 -45 23 24 -1 -7 -8 19 
69 0 12 
81

31 -41 59 26 -53 58 97 -93 -23 84 
258 2 11 
271

3 2 1 1 -8 1 1 2 3 
91 0 10 
101

12 99 99 -99 -27 0 0 0 -3 10 
210 0 0 
210

-2 1 -3 4 -1 2 1 -5 4 
90 3 10 
103

1 4 -9 8 1 3 3 1 -1 -4 -6 2 8 19 -10 -11 
8 1 3 3 1 -1 -4 -6 2 8 19 
34

2 9 8 6 5 -11 9 -11 7 5 -1 -8 -3 7 -2 
2 9 8 6 5 
30

10 -11 -1 -9 33 -45 23 24 -1 -7 -8 19 
23 24 -1 -7 -8 19 19 
69

31 -41 59 26 -53 58 97 -93 -23 84 
59 26 -53 58 97 -93 -23 84 84 
239

3 2 1 1 -8 1 1 2 3 
1 1 2 3 3 
10

12 99 99 -99 -27 0 0 0 -3 10 
12 99 99 
210

-2 1 -3 4 -1 2 1 -5 4 
4 -1 2 1 -5 4 4 
9

